Mercury	Sun	2,439,764	3.3011 × 10^23	57,909,227,000	0.034	87,969,000	58,646.6
Venus	Sun	6,051,592	4.8675 × 10^24	108,209,475,000	177.4	224,700,000	-2,802.0
Earth	Sun	6,371,000	5.972 × 10^24	149,598,262,000	23.44	315,360,000	86,164.1
Luna (Moon)	Earth	1,737,100	7.342 × 10^22	384,400,000	1.54	2,360,000	2,360,000
Mars	Sun	3,389,500	6.4171 × 10^23	227,943,824,000	25.19	593,568,000	88,642.7
Phobos	Mars	11,266	1.07222 × 10^16	9,378,000	0.93	27,328.56	Synchronous
Deimos	Mars	6,234	1.4762 × 10^15	23,460,000	1.79	1,514,764	Synchronous
Jupiter	Sun	69,911,000	1.898 × 10^27	778,340,821,000	3.13	3,740,592,000	9,925.0
Io	Jupiter	1,821,000	8.931 × 10^22	421,700,000	0.05	152,853.504	Synchronous
Europa	Jupiter	1,561,000	4.7998 × 10^22	671,034,000	0.47	306,889.104	Synchronous
Ganymede	Jupiter	2,634,000	1.4819 × 10^23	1,070,412,000	0.2	619,172.736	Synchronous
Callisto	Jupiter	2,410,000	1.0759 × 10^23	1,882,709,000	0.192	1,882,709,000	Synchronous
Saturn	Sun	58,232,000	5.683 × 10^26	1,426,666,422,000	26.73	9,142,176,000	10,656.2
Titan	Saturn	2,574,700	1.3455 × 10^23	1,221,870,000	0.33	1,413,360.288	Synchronous
Enceladus	Saturn	252,100	1.08022 × 10^20	238,037,000	0.003	61,536.384	Synchronous
Uranus	Sun	25,362,000	8.6810 × 10^25	2,870,658,186,000	97.77	2,650,140,800	-61,536.384
Neptune	Sun	24,622,000	1.02413 × 10^26	4,498,396,441,000	28.32	5,203,440,000	58,656.06
Triton	Neptune	1,353,400	2.1393 × 10^22	354,759,000	157.34	-1,413,360.288	Synchronous
Pluto	Sun	1,188,300	1.303 × 10^22	5,913,520,000,000	119.6	7,601,280,000	-58,656.06
Charon	Pluto	603,550	1.586 × 10^21	19,596,000,000	0.0	6,387,230.0	Synchronous